cmd_flight_start: 1.000000

cmd_emergency_land: 1.000000

